[
(00001010, 10840, 
 , 0.022464367, [31m[(00001010, 885, 
, 0.0816496), (01010000, 802, P, 0.073992066), (01001011, 406, K, 0.03745733), (01000111, 221, G, 0.020389335), (00100000, 768,  , 0.070855245), (01001001, 744, I, 0.06864102), (01010111, 830, W, 0.07657533), (01001110, 580, N, 0.053510472), (01001010, 480, J, 0.044284526), (00101000, 38, (, 0.0035058584), (01001111, 445, O, 0.04105545), (01010100, 536, T, 0.049451057), (01000100, 345, D, 0.031829506), (01010011, 483, S, 0.044561308), (01000001, 530, A, 0.0488975), (01011010, 565, Z, 0.05212658), (11000101, 260, Å, 0.023987453), (01010101, 151, U, 0.013931175), (01000011, 435, C, 0.040132854), (01000010, 336, B, 0.030999169), (01001100, 173, L, 0.015960881), (01001101, 293, M, 0.027032014), (11000010, 211, Â, 0.019466741), (01010010, 213, R, 0.01965126), (01001000, 45, H, 0.0041516745), (11100010, 4, â, 3.6903773E-4), (01000110, 13, F, 0.0011993726), (01101010, 1, j, 9.225943E-5), (11000011, 12, Ã, 0.0011071132), (01100011, 1, c, 9.225943E-5), (01110000, 1, p, 9.225943E-5), (00101010, 24, *, 0.0022142264), (01101001, 1, i, 9.225943E-5), (01010110, 1, V, 9.225943E-5), (01000101, 4, E, 3.6903773E-4), (01101011, 1, k, 9.225943E-5), (00101101, 1, -, 9.225943E-5)] [0m)
, 
(00100000, 63435,   , 0.13146006, [31m[(01001101, 262, M, 0.004130212), (01010100, 391, T, 0.00616379), (01100011, 2356, c, 0.03714038), (01101111, 2341, o, 0.036903918), (01111010, 4469, z, 0.07045007), (01101110, 4069, n, 0.0641444), (01001100, 132, L, 0.00208087), (01110000, 5336, p, 0.0841176), (11100010, 715, â, 0.01127138), (01010011, 525, S, 0.008276188), (01110011, 5678, s, 0.08950894), (01110111, 5340, w, 0.08418066), (01100100, 2942, d, 0.046378184), (01110101, 912, u, 0.014376922), (01010111, 369, W, 0.005816978), (01100111, 1698, g, 0.026767557), (01010000, 390, P, 0.0061480254), (01101101, 2492, m, 0.039284308), (01001011, 249, K, 0.003925278), (01101001, 1814, i, 0.0285962), (11000101, 1769, Å, 0.027886814), (01001111, 96, O, 0.0015133602), (01010010, 265, R, 0.0041775047), (11000011, 36, Ã, 5.6751E-4), (01000101, 17, E, 2.6799086E-4), (00100000, 3544,  , 0.055868212), (01110100, 2720, t, 0.04287854), (01101010, 2045, j, 0.032237723), (01000100, 180, D, 0.0028375504), (01100010, 1962, b, 0.030929297), (01001010, 192, J, 0.0030267204), (01000011, 93, C, 0.0014660676), (01000010, 199, B, 0.0031370695), (01101100, 823, l, 0.01297391), (01001110, 154, N, 0.0024276818), (01110010, 1959, r, 0.030882005), (01101011, 2731, k, 0.043051943), (01100110, 153, f, 0.0024119178), (01000110, 29, F, 4.5716087E-4), (01100001, 581, a, 0.009158982), (01101000, 147, h, 0.0023173327), (11000010, 328, Â, 0.005170647), (00101000, 38, (, 5.990384E-4), (01001000, 255, H, 0.004019863), (01001001, 33, I, 5.202175E-4), (01000111, 120, G, 0.0018917002), (01011010, 183, Z, 0.0028848427), (01100101, 42, e, 6.6209503E-4), (00111010, 10, :, 1.5764168E-4), (01000001, 136, A, 0.002143927), (01010101, 26, U, 4.0986837E-4), (01110110, 3, v, 4.7292506E-5), (00101100, 8, ,, 1.2611334E-4), (00101010, 51, *, 8.039726E-4), (11000100, 14, Ä, 2.2069835E-4), (00101110, 3, ., 4.7292506E-5), (01110001, 1, q, 1.5764168E-5), (00111111, 2, ?, 3.1528336E-5), (00100001, 2, !, 3.1528336E-5), (00110001, 2, 1, 3.1528336E-5), (00111011, 1, ;, 1.5764168E-5), (00110011, 1, 3, 1.5764168E-5), (01010110, 1, V, 1.5764168E-5)] [0m)
, 
(00100001, 1083, ! , 0.0022443642, [31m[(00100000, 394,  , 0.36380425), (00001010, 428, 
, 0.39519852), (11000010, 210, Â, 0.19390582), (11100010, 38, â, 0.03508772), (00101001, 1, ), 9.2336105E-4), (00100001, 6, !, 0.005540166), (00101010, 6, *, 0.005540166)] [0m)
, 
(00101000, 76, ( , 1.5749925E-4, [31m[(01000111, 1, G, 0.013157895), (01000100, 2, D, 0.02631579), (01100010, 4, b, 0.05263158), (01010100, 7, T, 0.09210526), (01001101, 2, M, 0.02631579), (01100011, 3, c, 0.039473683), (01010111, 3, W, 0.039473683), (01000010, 4, B, 0.05263158), (01110100, 6, t, 0.078947365), (01011010, 2, Z, 0.02631579), (01100100, 1, d, 0.013157895), (01111010, 2, z, 0.02631579), (01101100, 1, l, 0.013157895), (01101101, 2, m, 0.02631579), (11000010, 2, Â, 0.02631579), (01101010, 10, j, 0.13157895), (01001110, 3, N, 0.039473683), (01010011, 2, S, 0.02631579), (01001111, 2, O, 0.02631579), (01101111, 1, o, 0.013157895), (01010101, 1, U, 0.013157895), (01110011, 1, s, 0.013157895), (01000001, 1, A, 0.013157895), (01000011, 1, C, 0.013157895), (01110000, 4, p, 0.05263158), (01101011, 1, k, 0.013157895), (11000101, 1, Å, 0.013157895), (01001001, 1, I, 0.013157895), (01010000, 2, P, 0.02631579), (01001010, 1, J, 0.013157895), (01101000, 2, h, 0.02631579)] [0m)
, 
(00101001, 75, ) , 1.5542688E-4, [31m[(00101100, 17, ,, 0.22666667), (00101110, 18, ., 0.24), (00001010, 20, 
, 0.26666668), (00111011, 7, ;, 0.093333334), (00100000, 10,  , 0.13333334), (11000010, 1, Â, 0.013333334), (00111010, 2, :, 0.026666667)] [0m)
, 
(00101010, 150, * , 3.1085376E-4, [31m[(01101100, 1, l, 0.006666667), (00101100, 19, ,, 0.12666667), (01100010, 2, b, 0.013333334), (01110010, 1, r, 0.006666667), (00111011, 6, ;, 0.04), (01101101, 4, m, 0.026666667), (00101110, 14, ., 0.093333334), (01010011, 7, S, 0.046666667), (00100000, 13,  , 0.086666666), (01001011, 9, K, 0.06), (01001100, 3, L, 0.02), (01000010, 2, B, 0.013333334), (01010000, 1, P, 0.006666667), (11000101, 6, Å, 0.04), (01001111, 4, O, 0.026666667), (01110011, 1, s, 0.006666667), (00001010, 20, 
, 0.13333334), (01110000, 1, p, 0.006666667), (01110101, 1, u, 0.006666667), (01100100, 2, d, 0.013333334), (01101011, 4, k, 0.026666667), (01101001, 1, i, 0.006666667), (01011010, 4, Z, 0.026666667), (01001101, 2, M, 0.013333334), (01010010, 4, R, 0.026666667), (00111010, 1, :, 0.006666667), (01010111, 3, W, 0.02), (01000100, 1, D, 0.006666667), (01000001, 2, A, 0.013333334), (01010100, 2, T, 0.013333334), (01001110, 3, N, 0.02), (01000011, 1, C, 0.006666667), (01100011, 1, c, 0.006666667), (00100001, 2, !, 0.013333334), (01001001, 1, I, 0.006666667), (01001010, 1, J, 0.006666667)] [0m)
, 
(00101100, 9126, , , 0.018912343, [31m[(00100000, 5571,  , 0.61045367), (00001010, 3543, 
, 0.38823143), (11100010, 2, â, 2.1915407E-4), (00100001, 1, !, 1.09577035E-4), (00101010, 8, *, 8.766163E-4), (11000010, 1, Â, 1.09577035E-4)] [0m)
, 
(00101101, 25, - , 5.1808962E-5, [31m[(00001010, 2, 
, 0.08), (01110011, 3, s, 0.12), (01100110, 1, f, 0.04), (01110010, 4, r, 0.16), (01010010, 2, R, 0.08), (01100011, 2, c, 0.08), (01001001, 1, I, 0.04), (01001011, 1, K, 0.04), (01110111, 1, w, 0.04), (01101011, 1, k, 0.04), (01001101, 1, M, 0.04), (01010011, 1, S, 0.04), (00101101, 4, -, 0.16), (01110100, 1, t, 0.04)] [0m)
, 
(00101110, 2384, . , 0.004940503, [31m[(00100000, 360,  , 0.15100671), (00001010, 2005, 
, 0.8410235), (00101001, 3, ), 0.0012583892), (11100010, 2, â, 8.389262E-4), (11000010, 5, Â, 0.0020973154), (00101111, 1, /, 4.194631E-4), (00101010, 2, *, 8.389262E-4), (01110000, 3, p, 0.0012583892), (00110000, 2, 0, 8.389262E-4), (01101111, 1, o, 4.194631E-4)] [0m)
, 
(00101111, 14, / , 2.901302E-5, [31m[(00001010, 1, 
, 0.071428575), (00101111, 3, /, 0.21428572), (01110111, 2, w, 0.14285715), (01101011, 1, k, 0.071428575), (01101100, 2, l, 0.14285715), (01110000, 1, p, 0.071428575), (01100011, 1, c, 0.071428575), (01100010, 1, b, 0.071428575), (00110011, 1, 3, 0.071428575), (00101001, 1, ), 0.071428575)] [0m)
, 
(00110000, 3, 0 , 6.217075E-6, [31m[(00100000, 1,  , 0.33333334), (00101111, 1, /, 0.33333334), (00101110, 1, ., 0.33333334)] [0m)
, 
(00110001, 3, 1 , 6.217075E-6, [31m[(00111000, 2, 8, 0.6666667), (00110010, 1, 2, 0.33333334)] [0m)
, 
(00110010, 1, 2 , 2.0723585E-6, [31m[(00001010, 1, 
, 1.0)] [0m)
, 
(00110011, 2, 3 , 4.144717E-6, [31m[(00101110, 2, ., 1.0)] [0m)
, 
(00110110, 1, 6 , 2.0723585E-6, [31m[(00110000, 1, 0, 1.0)] [0m)
, 
(00111000, 2, 8 , 4.144717E-6, [31m[(00110001, 1, 1, 0.5), (00110110, 1, 6, 0.5)] [0m)
, 
(00111010, 1148, : , 0.0023790675, [31m[(00001010, 616, 
, 0.5365854), (00100000, 529,  , 0.4608014), (00101111, 3, /, 0.0026132404)] [0m)
, 
(00111011, 1444, ; , 0.0029924856, [31m[(00001010, 951, 
, 0.6585873), (00100000, 493,  , 0.34141275)] [0m)
, 
(00111111, 441, ? , 9.139101E-4, [31m[(00100000, 201,  , 0.45578232), (00001010, 175, 
, 0.3968254), (11000010, 52, Â, 0.117913835), (11100010, 13, â, 0.029478459)] [0m)
, 
(01000001, 698, A , 0.0014465062, [31m[(01100100, 6, d, 0.008595988), (00100000, 338,  , 0.48424068), (01101100, 145, l, 0.20773639), (01100010, 15, b, 0.021489972), (01100011, 25, c, 0.035816617), (01110011, 51, s, 0.0730659), (11000101, 73, Å, 0.10458453), (01110101, 6, u, 0.008595988), (01101110, 24, n, 0.034383953), (01101101, 3, m, 0.004297994), (00100001, 1, !, 0.0014326648), (01101000, 1, h, 0.0014326648), (01101011, 3, k, 0.004297994), (01110010, 3, r, 0.004297994), (01110000, 3, p, 0.004297994), (01100111, 1, g, 0.0014326648)] [0m)
, 
(01000010, 565, B , 0.0011708825, [31m[(01110010, 72, r, 0.12743363), (01101111, 177, o, 0.31327432), (01111001, 69, y, 0.1221239), (01101001, 77, i, 0.13628319), (11000101, 14, Å, 0.024778761), (01101100, 8, l, 0.014159292), (01100101, 29, e, 0.051327433), (11000011, 38, Ã, 0.06725664), (01100001, 35, a, 0.061946902), (01110101, 29, u, 0.051327433), (11000100, 16, Ä, 0.028318584), (01001110, 1, N, 0.0017699115)] [0m)
, 
(01000011, 558, C , 0.001156376, [31m[(01111010, 178, z, 0.31899643), (01101000, 180, h, 0.32258064), (01100001, 19, a, 0.034050178), (01101001, 50, i, 0.089605734), (01101111, 88, o, 0.1577061), (01111001, 7, y, 0.012544803), (11000011, 23, Ã, 0.04121864), (01110111, 3, w, 0.005376344), (01100101, 8, e, 0.014336918), (01101101, 1, m, 0.0017921147), (01110010, 1, r, 0.0017921147)] [0m)
, 
(01000100, 552, D , 0.0011439419, [31m[(01111010, 81, z, 0.14673913), (01101111, 234, o, 0.42391303), (01100001, 79, a, 0.14311594), (11000100, 27, Ä, 0.048913043), (01110010, 30, r, 0.054347824), (01101100, 16, l, 0.028985508), (01100101, 17, e, 0.030797102), (01110101, 6, u, 0.010869565), (11000101, 19, Å, 0.03442029), (01110111, 26, w, 0.04710145), (01100010, 1, b, 0.0018115942), (01111001, 13, y, 0.023550725), (01101101, 2, m, 0.0036231885), (01101001, 1, i, 0.0018115942)] [0m)
, 
(01000101, 23, E , 4.7664245E-5, [31m[(01110101, 2, u, 0.08695652), (01101011, 8, k, 0.3478261), (01101101, 2, m, 0.08695652), (01110111, 5, w, 0.2173913), (01101111, 1, o, 0.04347826), (01110100, 2, t, 0.08695652), (01101010, 2, j, 0.08695652), (01110000, 1, p, 0.04347826)] [0m)
, 
(01000110, 45, F , 9.325613E-5, [31m[(01100101, 1, e, 0.022222223), (01101111, 6, o, 0.13333334), (01110010, 25, r, 0.5555556), (01100001, 5, a, 0.11111111), (01101001, 4, i, 0.08888889), (01110101, 2, u, 0.044444446), (01101100, 2, l, 0.044444446)] [0m)
, 
(01000111, 358, G , 7.419043E-4, [31m[(01101111, 46, o, 0.12849163), (01100100, 134, d, 0.37430167), (01100101, 82, e, 0.22905028), (01110010, 31, r, 0.086592175), (11000101, 31, Å, 0.086592175), (01100001, 10, a, 0.02793296), (01101001, 8, i, 0.022346368), (11000011, 3, Ã, 0.008379889), (01110111, 4, w, 0.011173184), (01101110, 7, n, 0.019553073), (11000100, 2, Ä, 0.005586592)] [0m)
, 
(01001000, 309, H , 6.403588E-4, [31m[(01110010, 218, r, 0.7055016), (01101111, 52, o, 0.16828479), (01100101, 24, e, 0.0776699), (01100001, 7, a, 0.022653721), (01110101, 2, u, 0.006472492), (01101001, 4, i, 0.012944984), (01111001, 2, y, 0.006472492)] [0m)
, 
(01001001, 793, I , 0.0016433803, [31m[(01101100, 22, l, 0.02774275), (00100000, 716,  , 0.9029004), (11000101, 12, Å, 0.015132409), (01100100, 14, d, 0.017654477), (01101110, 12, n, 0.015132409), (01100011, 2, c, 0.002522068), (01110011, 3, s, 0.0037831021), (00101100, 4, ,, 0.005044136), (01101101, 6, m, 0.0075662043), (01111010, 1, z, 0.001261034), (11100010, 1, â, 0.001261034)] [0m)
, 
(01001010, 730, J , 0.0015128216, [31m[(01100001, 393, a, 0.5383562), (01110101, 100, u, 0.1369863), (01100101, 225, e, 0.30821916), (11000100, 5, Ä, 0.006849315), (11000011, 7, Ã, 0.009589041)] [0m)
, 
(01001011, 682, K , 0.0014133485, [31m[(01110011, 47, s, 0.06891496), (01110101, 46, u, 0.06744868), (01110100, 153, t, 0.22434017), (01101111, 113, o, 0.16568916), (01100001, 59, a, 0.08651026), (01110010, 105, r, 0.15395895), (01101001, 50, i, 0.07331378), (01101110, 11, n, 0.016129032), (01101100, 77, l, 0.11290322), (11000101, 9, Å, 0.013196481), (11000100, 8, Ä, 0.011730205), (01110111, 3, w, 0.004398827), (01101101, 1, m, 0.0014662757)] [0m)
, 
(01001100, 312, L , 6.465758E-4, [31m[(01101001, 84, i, 0.26923078), (01100101, 170, e, 0.5448718), (01110101, 36, u, 0.115384616), (11000100, 3, Ä, 0.009615385), (01100001, 14, a, 0.044871796), (01101111, 2, o, 0.0064102565), (11000101, 1, Å, 0.0032051282), (01100111, 1, g, 0.0032051282), (00100000, 1,  , 0.0032051282)] [0m)
, 
(01001101, 585, M , 0.0012123297, [31m[(01101001, 100, i, 0.17094018), (01101111, 138, o, 0.23589744), (01111001, 40, y, 0.06837607), (11000101, 10, Å, 0.017094018), (01101110, 17, n, 0.02905983), (11000100, 12, Ä, 0.020512821), (01110101, 21, u, 0.035897437), (01100001, 194, a, 0.33162394), (11000011, 39, Ã, 0.06666667), (01100101, 5, e, 0.008547009), (01110011, 2, s, 0.0034188034), (01110010, 3, r, 0.0051282053), (01101100, 2, l, 0.0034188034), (01100111, 2, g, 0.0034188034)] [0m)
, 
(01001110, 790, N , 0.0016371632, [31m[(01101111, 27, o, 0.034177214), (01101001, 425, i, 0.53797466), (01100001, 326, a, 0.4126582), (01110101, 9, u, 0.011392405), (11000011, 1, Ã, 0.0012658228), (01100101, 1, e, 0.0012658228), (00101110, 1, ., 0.0012658228)] [0m)
, 
(01001111, 567, O , 0.0011750272, [31m[(01110011, 28, s, 0.049382716), (01101010, 35, j, 0.061728396), (01100110, 4, f, 0.0070546735), (01110010, 6, r, 0.01058201), (01100100, 112, d, 0.19753087), (01100111, 27, g, 0.04761905), (01100010, 75, b, 0.13227513), (01100011, 24, c, 0.04232804), (01101110, 83, n, 0.14638448), (00100000, 72,  , 0.12698413), (01110100, 25, t, 0.04409171), (01101011, 21, k, 0.037037037), (01110000, 17, p, 0.029982364), (00101100, 5, ,, 0.008818342), (11000101, 5, Å, 0.008818342), (01110111, 20, w, 0.03527337), (00100001, 1, !, 0.0017636684), (01101100, 2, l, 0.0035273368), (01111010, 4, z, 0.0070546735), (01101101, 1, m, 0.0017636684)] [0m)
, 
(01010000, 1264, P , 0.0026194612, [31m[(01100001, 213, a, 0.16851266), (01101111, 510, o, 0.403481), (01110010, 340, r, 0.26898733), (01100101, 25, e, 0.01977848), (11000011, 22, Ã, 0.017405063), (01110101, 22, u, 0.017405063), (01101001, 51, i, 0.0403481), (11000101, 32, Å, 0.025316456), (01111001, 13, y, 0.01028481), (01110011, 13, s, 0.01028481), (11000100, 6, Ä, 0.004746835), (01101100, 8, l, 0.006329114), (01100011, 2, c, 0.0015822785), (01110100, 5, t, 0.0039556962), (01101110, 1, n, 7.9113926E-4), (01001100, 1, L, 7.9113926E-4)] [0m)
, 
(01010010, 489, R , 0.0010133833, [31m[(01111010, 61, z, 0.12474438), (01100101, 83, e, 0.16973415), (01100001, 47, a, 0.096114516), (01101111, 142, o, 0.29038855), (11000011, 37, Ã, 0.075664625), (01111001, 68, y, 0.1390593), (01110101, 18, u, 0.036809817), (01100100, 1, d, 0.0020449897), (11000100, 23, Ä, 0.047034767), (01110111, 9, w, 0.018404908)] [0m)
, 
(01010011, 1043, S , 0.0021614698, [31m[(01110000, 51, p, 0.04889741), (11000100, 220, Ä, 0.21093), (01101111, 142, o, 0.13614574), (01111010, 115, z, 0.11025887), (01110100, 189, t, 0.18120806), (01101001, 31, i, 0.029721957), (01110101, 17, u, 0.016299138), (01101011, 60, k, 0.057526365), (11000101, 82, Å, 0.07861937), (01100001, 60, a, 0.057526365), (01100011, 38, c, 0.036433365), (01111001, 14, y, 0.013422819), (01100101, 15, e, 0.014381591), (01101110, 2, n, 0.0019175456), (01110111, 2, w, 0.0019175456), (01101101, 5, m, 0.0047938637)] [0m)
, 
(01010100, 972, T , 0.0020143325, [31m[(01100001, 365, a, 0.37551442), (01110010, 67, r, 0.068930045), (01111001, 110, y, 0.113168724), (01110111, 14, w, 0.014403292), (01101111, 120, o, 0.12345679), (01100101, 216, e, 0.22222222), (01110101, 66, u, 0.06790123), (11000101, 5, Å, 0.005144033), (11000100, 8, Ä, 0.008230452), (01101110, 1, n, 0.0010288066)] [0m)
, 
(01010101, 184, U , 3.8131396E-4, [31m[(11000101, 6, Å, 0.032608695), (01110000, 15, p, 0.08152174), (01101010, 6, j, 0.032608695), (01100011, 22, c, 0.11956522), (00100000, 22,  , 0.11956522), (01100100, 13, d, 0.07065217), (01110011, 27, s, 0.14673913), (01110100, 5, t, 0.027173912), (01101101, 12, m, 0.06521739), (01110010, 12, r, 0.06521739), (01101100, 3, l, 0.016304348), (01101011, 15, k, 0.08152174), (01110111, 14, w, 0.07608695), (01101110, 3, n, 0.016304348), (01100010, 5, b, 0.027173912), (01111010, 4, z, 0.02173913)] [0m)
, 
(01010110, 3, V , 6.217075E-6, [31m[(01110101, 1, u, 0.33333334), (01100101, 1, e, 0.33333334), (00101100, 1, ,, 0.33333334)] [0m)
, 
(01010111, 1250, W , 0.0025904481, [31m[(01100001, 50, a, 0.04), (01101111, 196, o, 0.1568), (01101001, 285, i, 0.228), (01111001, 135, y, 0.108), (11000101, 28, Å, 0.0224), (01100101, 31, e, 0.0248), (01100010, 2, b, 0.0016), (00100000, 202,  , 0.1616), (01100011, 6, c, 0.0048), (01110100, 47, t, 0.0376), (01100100, 4, d, 0.0032), (01110011, 137, s, 0.1096), (01110010, 33, r, 0.0264), (01101100, 4, l, 0.0032), (01110000, 22, p, 0.0176), (01101011, 11, k, 0.0088), (01101110, 11, n, 0.0088), (11000100, 7, Ä, 0.0056), (01111010, 36, z, 0.0288), (11000011, 2, Ã, 0.0016), (01101010, 1, j, 8.0E-4)] [0m)
, 
(01011010, 782, Z , 0.0016205843, [31m[(01101001, 10, i, 0.012787724), (01100001, 232, a, 0.2966752), (00100000, 152,  , 0.1943734), (01101101, 20, m, 0.025575448), (01110010, 22, r, 0.028132992), (01110111, 36, w, 0.046035804), (01101110, 51, n, 0.06521739), (01101111, 124, o, 0.15856777), (11000101, 16, Å, 0.020460358), (01100101, 20, e, 0.025575448), (01100111, 24, g, 0.030690538), (01100100, 35, d, 0.044757035), (01110011, 3, s, 0.0038363172), (01100010, 21, b, 0.02685422), (01101010, 3, j, 0.0038363172), (01101100, 5, l, 0.006393862), (01110101, 5, u, 0.006393862), (11000100, 1, Ä, 0.0012787724), (01111001, 2, y, 0.0025575447)] [0m)
, 
(01100001, 30940, a , 0.06411877, [31m[(01101101, 1382, m, 0.0446671), (01101110, 2183, n, 0.07055592), (01100100, 1650, d, 0.053329024), (01110100, 853, t, 0.02756949), (01101010, 1132, j, 0.036586944), (01111010, 849, z, 0.027440207), (00100000, 5602,  , 0.18106012), (00001010, 347, 
, 0.011215256), (01110010, 1776, r, 0.057401422), (11000101, 3656, Å, 0.11816419), (01110101, 38, u, 0.0012281836), (01100111, 220, g, 0.0071105366), (01101100, 988, l, 0.031932775), (00100001, 213, !, 0.0068842922), (01101011, 1917, k, 0.06195863), (01100011, 1575, c, 0.050904978), (00101100, 1240, ,, 0.04007757), (01110011, 1347, s, 0.043535877), (11000100, 699, Ä, 0.022592114), (01101001, 23, i, 7.433743E-4), (01110000, 385, p, 0.012443439), (01110111, 1355, w, 0.043794442), (00101110, 341, ., 0.011021332), (01100010, 575, b, 0.018584358), (00111011, 231, ;, 0.0074660634), (01100110, 54, f, 0.0017453135), (00111010, 158, :, 0.005106658), (11100010, 16, â, 5.1712996E-4), (11000010, 30, Â, 9.696186E-4), (00101001, 11, ), 3.5552683E-4), (01101111, 7, o, 2.2624434E-4), (00111111, 56, ?, 0.0018099548), (01101000, 12, h, 3.8784745E-4), (01111000, 3, x, 9.696186E-5), (00101010, 12, *, 3.8784745E-4), (00101101, 1, -, 3.2320622E-5), (01110110, 1, v, 3.2320622E-5), (00101111, 2, /, 6.4641245E-5)] [0m)
, 
(01100010, 5750, b , 0.011916061, [31m[(01110101, 187, u, 0.03252174), (01100001, 646, a, 0.11234783), (01101001, 1329, i, 0.23113044), (01101111, 508, o, 0.08834782), (01110010, 781, r, 0.13582608), (11000101, 150, Å, 0.026086956), (01111001, 1074, y, 0.18678261), (01100110, 3, f, 5.2173913E-4), (11000100, 187, Ä, 0.03252174), (01100101, 258, e, 0.044869564), (01101110, 101, n, 0.017565217), (01101100, 195, l, 0.033913042), (01101011, 26, k, 0.004521739), (11000011, 66, Ã, 0.011478261), (01110011, 18, s, 0.0031304348), (00101100, 14, ,, 0.0024347827), (00100000, 117,  , 0.020347826), (01101010, 21, j, 0.003652174), (01100011, 32, c, 0.005565217), (01101101, 9, m, 0.0015652174), (01111010, 3, z, 5.2173913E-4), (01110111, 15, w, 0.0026086958), (00001010, 2, 
, 3.4782608E-4), (00101110, 3, ., 5.2173913E-4), (00111010, 1, :, 1.7391304E-4), (00111111, 1, ?, 1.7391304E-4), (01100100, 1, d, 1.7391304E-4), (00100001, 1, !, 1.7391304E-4), (00111011, 1, ;, 1.7391304E-4)] [0m)
, 
(01100011, 14138, c , 0.029299004, [31m[(01101011, 159, k, 0.011246286), (01111010, 3798, z, 0.26863772), (01101001, 2675, i, 0.18920639), (01100101, 710, e, 0.050219268), (01100001, 646, a, 0.04569246), (01101111, 468, o, 0.033102278), (01101000, 3524, h, 0.24925733), (01110101, 189, u, 0.0133682275), (11000100, 183, Ä, 0.01294384), (00101100, 152, ,, 0.010751167), (01111001, 496, y, 0.035082757), (00100000, 805,  , 0.056938745), (00101110, 7, ., 4.9511954E-4), (11000011, 154, Ã, 0.01089263), (01110100, 28, t, 0.0019804782), (01101110, 63, n, 0.004456076), (00111010, 21, :, 0.0014853586), (11000010, 1, Â, 7.073136E-5), (01100011, 2, c, 1.4146272E-4), (01101010, 19, j, 0.0013438959), (01110111, 8, w, 5.658509E-4), (00111011, 10, ;, 7.0731365E-4), (01101101, 6, m, 4.2438818E-4), (01101100, 6, l, 4.2438818E-4), (11100010, 2, â, 1.4146272E-4), (00001010, 1, 
, 7.073136E-5), (00100001, 3, !, 2.1219409E-4), (11000101, 1, Å, 7.073136E-5), (01110010, 1, r, 7.073136E-5)] [0m)
, 
(01100100, 11455, d , 0.023738867, [31m[(01100001, 1230, a, 0.107376695), (01100101, 563, e, 0.049148843), (00100000, 933,  , 0.08144915), (01110010, 544, r, 0.04749018), (01111010, 2898, z, 0.25298995), (01101011, 283, k, 0.024705369), (01101111, 1374, o, 0.11994762), (01111001, 888, y, 0.077520736), (01101110, 456, n, 0.039807945), (01110101, 294, u, 0.025665648), (01110111, 381, w, 0.033260584), (01101101, 51, m, 0.0044522043), (01100010, 55, b, 0.0048013967), (11000101, 680, Å, 0.059362724), (01110011, 76, s, 0.0066346573), (11000100, 223, Ä, 0.019467482), (01101010, 31, j, 0.0027062418), (01100111, 25, g, 0.0021824532), (01100100, 48, d, 0.00419031), (01101100, 186, l, 0.01623745), (11000011, 60, Ã, 0.0052378876), (01110000, 51, p, 0.0044522043), (00101100, 33, ,, 0.002880838), (00101110, 4, ., 3.491925E-4), (01100011, 41, c, 0.003579223), (01101001, 9, i, 7.856831E-4), (00111011, 4, ;, 3.491925E-4), (01110100, 15, t, 0.0013094719), (01101000, 8, h, 6.98385E-4), (00100001, 4, !, 3.491925E-4), (00111010, 1, :, 8.7298125E-5), (00111111, 4, ?, 3.491925E-4), (00001010, 1, 
, 8.7298125E-5), (01100110, 1, f, 8.7298125E-5)] [0m)
, 
(01100101, 25336, e , 0.052505273, [31m[(01110111, 620, w, 0.024471108), (01110101, 192, u, 0.0075781494), (00001010, 284, 
, 0.011209346), (01110010, 1648, r, 0.06504578), (00100000, 5699,  , 0.22493684), (01100111, 1017, g, 0.040140513), (01100011, 1522, c, 0.060072623), (01101011, 969, k, 0.038245972), (01110011, 1268, s, 0.050047364), (11000101, 1061, Å, 0.04187717), (00111010, 135, :, 0.0053283866), (01100010, 447, b, 0.01764288), (01101110, 1239, n, 0.048902746), (00101100, 1158, ,, 0.045705713), (01101010, 1561, j, 0.061611935), (00101110, 272, ., 0.010735712), (00100001, 166, !, 0.006551942), (01101101, 2441, m, 0.09634512), (01101100, 1049, l, 0.041403536), (01110000, 203, p, 0.008012314), (01100100, 1141, d, 0.045034733), (01110100, 351, t, 0.013853805), (00111011, 184, ;, 0.0072623934), (01101111, 31, o, 0.0012235554), (11000100, 105, Ä, 0.0041443007), (01111010, 362, z, 0.01428797), (01101001, 25, i, 9.867382E-4), (01100110, 21, f, 8.288601E-4), (00101001, 10, ), 3.946953E-4), (11000010, 30, Â, 0.0011840858), (00111111, 64, ?, 0.00252605), (11100010, 8, â, 3.1575625E-4), (01100001, 9, a, 3.5522575E-4), (00101010, 6, *, 2.3681717E-4), (01111001, 27, y, 0.0010656773), (01110110, 1, v, 3.946953E-5), (01101000, 5, h, 1.9734765E-4), (00101101, 4, -, 1.5787812E-4), (01110001, 1, q, 3.946953E-5)] [0m)
, 
(01100110, 385, f , 7.97858E-4, [31m[(01101001, 95, i, 0.24675325), (01101111, 31, o, 0.08051948), (01101110, 13, n, 0.033766232), (01110010, 37, r, 0.0961039), (01100101, 58, e, 0.15064935), (01100001, 78, a, 0.20259741), (01101100, 19, l, 0.04935065), (01111001, 10, y, 0.025974026), (11000011, 2, Ã, 0.005194805), (01110101, 24, u, 0.062337663), (11000100, 3, Ä, 0.007792208), (00100000, 10,  , 0.025974026), (01110100, 2, t, 0.005194805), (00101100, 1, ,, 0.0025974025), (01101101, 2, m, 0.005194805)] [0m)
, 
(01100111, 4773, g , 0.009891367, [31m[(01100001, 542, a, 0.11355542), (01101001, 468, i, 0.09805154), (01101111, 1290, o, 0.27027026), (01110010, 506, r, 0.10601299), (11000101, 582, Å, 0.12193589), (01110101, 104, u, 0.02178923), (11000011, 123, Ã, 0.025769956), (01101110, 281, n, 0.058872826), (00100000, 111,  , 0.023255814), (11000100, 206, Ä, 0.04315944), (01110111, 50, w, 0.010475592), (01101100, 135, l, 0.028284099), (01100100, 323, d, 0.06767233), (01101101, 12, m, 0.002514142), (00101100, 10, ,, 0.0020951184), (01100101, 20, e, 0.004190237), (00100001, 3, !, 6.285355E-4), (01111010, 4, z, 8.3804736E-4), (00001010, 1, 
, 2.0951184E-4), (00101111, 2, /, 4.1902368E-4)] [0m)
, 
(01101000, 3906, h , 0.008094632, [31m[(01101111, 471, o, 0.12058372), (01110010, 80, r, 0.02048131), (00100000, 1168,  , 0.29902714), (00101100, 216, ,, 0.05529954), (00111011, 36, ;, 0.00921659), (01100101, 130, e, 0.03328213), (11000100, 34, Ä, 0.008704557), (01100001, 548, a, 0.14029698), (01100011, 229, c, 0.05862775), (00111010, 14, :, 0.0035842294), (01101101, 71, m, 0.018177163), (01101110, 80, n, 0.02048131), (01111001, 185, y, 0.04736303), (01110111, 146, w, 0.037378393), (01110101, 111, u, 0.028417818), (11000101, 95, Å, 0.024321556), (01101001, 26, i, 0.006656426), (00101110, 33, ., 0.008448541), (01110100, 134, t, 0.034306195), (01101100, 27, l, 0.0069124424), (00001010, 13, 
, 0.003328213), (11000011, 34, Ã, 0.008704557), (00100001, 18, !, 0.004608295), (01110011, 3, s, 7.6804915E-4), (00111111, 2, ?, 5.1203277E-4), (11100010, 1, â, 2.5601638E-4), (11000010, 1, Â, 2.5601638E-4)] [0m)
, 
(01101001, 29333, i , 0.06078849, [31m[(01100011, 1260, c, 0.042955033), (01100101, 10226, e, 0.34861758), (00100000, 3901,  , 0.13299015), (01110100, 338, t, 0.011522858), (11000100, 3467, Ä, 0.11819453), (01101011, 418, k, 0.014250162), (11000101, 1305, Å, 0.04448914), (01100100, 308, d, 0.010500119), (01110011, 560, s, 0.019091126), (01100001, 2330, a, 0.07943272), (00101100, 878, ,, 0.029932158), (01101111, 520, o, 0.017727474), (01101101, 720, m, 0.024545733), (01101110, 500, n, 0.017045649), (00001010, 226, 
, 0.007704633), (00101110, 283, ., 0.009647837), (01110111, 433, w, 0.014761532), (01110101, 166, u, 0.005659155), (11000011, 132, Ã, 0.004500051), (00111011, 143, ;, 0.0048750555), (01101010, 210, j, 0.007159172), (01100111, 96, g, 0.0032727644), (01101100, 409, l, 0.013943341), (00111010, 97, :, 0.0033068557), (01111010, 66, z, 0.0022500255), (00111111, 45, ?, 0.0015341083), (11000010, 23, Â, 7.840998E-4), (01110010, 39, r, 0.0013295605), (01110000, 15, p, 5.1136944E-4), (11100010, 9, â, 3.0682166E-4), (00100001, 97, !, 0.0033068557), (01100010, 64, b, 0.002181843), (01101001, 15, i, 5.1136944E-4), (00101101, 1, -, 3.4091296E-5), (00101010, 12, *, 4.0909555E-4), (00101001, 9, ), 3.0682166E-4), (01100110, 10, f, 3.4091296E-4), (01110110, 2, v, 6.818259E-5)] [0m)
, 
(01101010, 6582, j , 0.013640263, [31m[(01100001, 1266, a, 0.19234276), (01110011, 332, s, 0.050440595), (01100011, 108, c, 0.016408386), (01100101, 1419, e, 0.21558797), (00100000, 1218,  , 0.18505013), (11000100, 944, Ä, 0.14342146), (01110101, 356, u, 0.054086905), (01101111, 123, o, 0.018687328), (00101100, 115, ,, 0.017471893), (01110100, 35, t, 0.0053175325), (00111111, 6, ?, 9.11577E-4), (01110010, 93, r, 0.014129444), (01101110, 139, n, 0.021118201), (01101101, 90, m, 0.013673656), (11000101, 50, Å, 0.007596475), (01110000, 18, p, 0.0027347312), (01100100, 69, d, 0.0104831355), (01101100, 8, l, 0.001215436), (01110111, 18, w, 0.0027347312), (00111010, 20, :, 0.00303859), (11000011, 28, Ã, 0.0042540263), (00001010, 11, 
, 0.0016712246), (00111011, 12, ;, 0.001823154), (00100001, 20, !, 0.00303859), (01100010, 6, b, 9.11577E-4), (11100010, 2, â, 3.03859E-4), (00101110, 10, ., 0.001519295), (01101001, 17, i, 0.0025828015), (01100111, 6, g, 9.11577E-4), (01111010, 7, z, 0.0010635066), (01101011, 30, k, 0.004557885), (11000010, 3, Â, 4.557885E-4), (01101010, 2, j, 3.03859E-4), (00101010, 1, *, 1.519295E-4)] [0m)
, 
(01101011, 12346, k , 0.025585338, [31m[(01101001, 2365, i, 0.19156002), (01100001, 1791, a, 0.14506723), (01101111, 1911, o, 0.15478697), (01110101, 787, u, 0.06374534), (00100000, 1576,  , 0.12765267), (01101110, 328, n, 0.02656731), (11000100, 512, Ä, 0.041470923), (11000011, 253, Ã, 0.020492468), (01100010, 68, b, 0.0055078566), (01110011, 195, s, 0.01579459), (00111010, 20, :, 0.0016199579), (00101110, 27, ., 0.002186943), (00001010, 21, 
, 0.0017009558), (01110100, 390, t, 0.03158918), (01110010, 941, r, 0.076219015), (00101100, 191, ,, 0.015470598), (00111011, 20, ;, 0.0016199579), (01101011, 33, k, 0.0026729305), (01110111, 116, w, 0.009395756), (11000101, 559, Å, 0.045277823), (01101100, 175, l, 0.014174632), (01100011, 22, c, 0.0017819536), (00100001, 17, !, 0.0013769642), (01100101, 15, e, 0.0012149684), (00101010, 3, *, 2.4299369E-4), (01101101, 5, m, 4.0498946E-4), (11000010, 1, Â, 8.0997896E-5), (00111111, 2, ?, 1.6199579E-4), (00101101, 1, -, 8.0997896E-5), (11100010, 1, â, 8.0997896E-5)] [0m)
, 
(01101100, 6662, l , 0.0138060525, [31m[(01101001, 1824, i, 0.27379164), (01100101, 1411, e, 0.21179827), (01101011, 425, k, 0.06379466), (01110101, 409, u, 0.061392974), (01101111, 238, o, 0.03572501), (00100000, 128,  , 0.01921345), (01100001, 1119, a, 0.16796757), (01110011, 125, s, 0.018763134), (01101110, 244, n, 0.03662564), (01110111, 19, w, 0.0028519963), (11000100, 262, Ä, 0.03932753), (01100010, 111, b, 0.016661663), (01100011, 192, c, 0.028820174), (01110100, 11, t, 0.0016511558), (00111011, 4, ;, 6.004203E-4), (00101100, 24, ,, 0.0036025217), (11000011, 45, Ã, 0.0067547285), (01101101, 26, m, 0.003902732), (01110000, 2, p, 3.0021014E-4), (11000101, 7, Å, 0.0010507355), (01100111, 12, g, 0.0018012609), (01100100, 5, d, 7.505254E-4), (01101100, 7, l, 0.0010507355), (01111010, 1, z, 1.5010507E-4), (00101110, 2, ., 3.0021014E-4), (11000010, 1, Â, 1.5010507E-4), (00100001, 2, !, 3.0021014E-4), (00111111, 2, ?, 3.0021014E-4), (11100010, 1, â, 1.5010507E-4), (00101101, 1, -, 1.5010507E-4), (00101111, 1, /, 1.5010507E-4), (00101001, 1, ), 1.5010507E-4)] [0m)
, 
(01101101, 10274, m , 0.02129141, [31m[(00100000, 2713,  , 0.26406464), (01101111, 724, o, 0.07046915), (01101001, 2159, i, 0.2101421), (01101011, 102, k, 0.009927973), (00100001, 42, !, 0.004087989), (01101110, 421, n, 0.040977225), (00001010, 111, 
, 0.010803971), (01100001, 854, a, 0.08312245), (01100011, 81, c, 0.007883979), (00101100, 575, ,, 0.05596652), (00111011, 85, ;, 0.008273311), (01110101, 614, u, 0.059762508), (11000101, 161, Å, 0.015670625), (01100101, 338, e, 0.03289858), (11000100, 116, Ä, 0.011290637), (01111001, 460, y, 0.044773214), (01110010, 47, r, 0.0045746546), (11000011, 226, Ã, 0.021997275), (01100111, 13, g, 0.00126533), (00101110, 142, ., 0.013821296), (01110011, 50, s, 0.0048666536), (01110000, 23, p, 0.0022386606), (11100010, 5, â, 4.8666538E-4), (01100010, 22, b, 0.0021413276), (00111010, 79, :, 0.007689313), (01110100, 16, t, 0.0015573292), (01101100, 10, l, 9.7333075E-4), (01100100, 6, d, 5.8399845E-4), (00111111, 25, ?, 0.0024333268), (01100110, 24, f, 0.0023359938), (11000010, 18, Â, 0.0017519953), (00101010, 7, *, 6.813315E-4), (00101001, 3, ), 2.9199923E-4), (01101101, 2, m, 1.9466615E-4)] [0m)
, 
(01101110, 15486, n , 0.03209254, [31m[(00100000, 715,  , 0.046170734), (01101001, 5491, i, 0.35457832), (01100001, 3349, a, 0.21625985), (01101111, 1071, o, 0.06915924), (01100101, 1087, e, 0.070192434), (01111001, 1384, y, 0.08937105), (01101110, 275, n, 0.017757975), (11000100, 969, Ä, 0.06257264), (01101011, 278, k, 0.017951699), (00101100, 85, ,, 0.0054888288), (11000011, 98, Ã, 0.0063282964), (01110100, 199, t, 0.012850316), (01110101, 145, u, 0.0093632955), (01100111, 25, g, 0.0016143613), (01100011, 128, c, 0.00826553), (01100100, 75, d, 0.004843084), (01110011, 47, s, 0.0030349994), (11000101, 3, Å, 1.9372336E-4), (01110000, 1, p, 6.457445E-5), (11000010, 3, Â, 1.9372336E-4), (01100110, 27, f, 0.0017435102), (00101110, 4, ., 2.582978E-4), (00111011, 4, ;, 2.582978E-4), (00111010, 4, :, 2.582978E-4), (00111111, 3, ?, 1.9372336E-4), (00100001, 4, !, 2.582978E-4), (11100010, 2, â, 1.291489E-4), (01101000, 2, h, 1.291489E-4), (01110111, 2, w, 1.291489E-4), (00001010, 1, 
, 6.457445E-5), (00101010, 1, *, 6.457445E-5), (01101100, 2, l, 1.291489E-4), (01110010, 1, r, 6.457445E-5), (00101101, 1, -, 6.457445E-5)] [0m)
, 
(01101111, 23035, o , 0.04773678, [31m[(01110011, 1452, s, 0.06303451), (01100100, 2028, d, 0.08803994), (00001010, 66, 
, 0.002865205), (01110111, 2151, w, 0.09337964), (01110100, 718, t, 0.031169958), (01101011, 697, k, 0.030258304), (01101001, 108, i, 0.0046885177), (11000101, 1818, Å, 0.078923374), (00100000, 4489,  , 0.19487736), (01101101, 884, m, 0.038376383), (01110010, 1026, r, 0.044540916), (01101100, 639, l, 0.027740395), (01100011, 804, c, 0.034903407), (01101010, 696, j, 0.03021489), (01110000, 572, p, 0.024831777), (00100001, 57, !, 0.0024744954), (01111010, 656, z, 0.028478403), (01100010, 1169, b, 0.05074886), (01101110, 1533, n, 0.0665509), (01100111, 594, g, 0.025786847), (00101100, 396, ,, 0.017191231), (00101110, 82, ., 0.0035598003), (00111010, 59, :, 0.0025613196), (01100110, 57, f, 0.0024744954), (00111111, 37, ?, 0.0016062513), (11000100, 142, Ä, 0.006164532), (00111011, 55, ;, 0.002387671), (01100001, 5, a, 2.17061E-4), (00101001, 4, ), 1.7364879E-4), (01110101, 1, u, 4.3412198E-5), (01101111, 2, o, 8.6824395E-5), (11000010, 9, Â, 3.9070979E-4), (01100101, 5, e, 2.17061E-4), (11100010, 8, â, 3.4729758E-4), (00101101, 4, -, 1.7364879E-4), (01101000, 11, h, 4.775342E-4), (00101010, 1, *, 4.3412198E-5)] [0m)
, 
(01110000, 8022, p , 0.01662446, [31m[(01101001, 1004, i, 0.12515582), (01101111, 2512, o, 0.31313887), (01100001, 1225, a, 0.15270506), (01111001, 103, y, 0.012839691), (11000101, 131, Å, 0.016330093), (01110010, 1746, r, 0.21765146), (11000011, 149, Ã, 0.018573921), (01110011, 105, s, 0.013089005), (00101100, 4, ,, 4.9862877E-4), (01100101, 196, e, 0.02443281), (01110101, 238, u, 0.029668411), (01101011, 23, k, 0.0028671154), (01101110, 78, n, 0.009723261), (11000100, 61, Ä, 0.0076040886), (01110100, 83, t, 0.010346547), (01101100, 263, l, 0.032784842), (01100011, 43, c, 0.005360259), (00100001, 3, !, 3.739716E-4), (00100000, 36,  , 0.004487659), (01101010, 7, j, 8.7260036E-4), (00101110, 3, ., 3.739716E-4), (01101000, 3, h, 3.739716E-4), (01100110, 2, f, 2.4931438E-4), (00111010, 4, :, 4.9862877E-4)] [0m)
, 
(01110001, 2, q , 4.144717E-6, [31m[(01110101, 2, u, 1.0)] [0m)
, 
(01110010, 15317, r , 0.031742316, [31m[(01110111, 441, w, 0.02879154), (01110011, 244, s, 0.015930012), (11000011, 606, Ã, 0.039563883), (01110101, 675, u, 0.044068683), (01111010, 4405, z, 0.28758895), (01111001, 909, y, 0.059345827), (01101111, 2334, o, 0.1523797), (01100001, 2593, a, 0.16928902), (01100101, 662, e, 0.04321995), (01101110, 220, n, 0.014363126), (01110100, 202, t, 0.013187961), (01101011, 185, k, 0.012078083), (00100000, 239,  , 0.015603578), (01100011, 228, c, 0.014885422), (11000100, 690, Ä, 0.045047987), (01100111, 55, g, 0.0035907815), (01101101, 84, m, 0.0054841028), (01110000, 38, p, 0.0024809036), (11000101, 155, Å, 0.010119475), (01100010, 57, b, 0.0037213555), (01100100, 192, d, 0.0125350915), (00111011, 6, ;, 3.917216E-4), (00101100, 39, ,, 0.0025461905), (01101100, 11, l, 7.181563E-4), (00001010, 1, 
, 6.5286935E-5), (01101001, 22, i, 0.0014363126), (00100001, 7, !, 4.5700854E-4), (00111111, 3, ?, 1.958608E-4), (00111010, 6, :, 3.917216E-4), (01100110, 5, f, 3.2643467E-4), (00101110, 2, ., 1.3057387E-4), (11000010, 1, Â, 6.5286935E-5)] [0m)
, 
(01110011, 15233, s , 0.031568237, [31m[(01111010, 4075, z, 0.26751134), (01110100, 2870, t, 0.18840675), (01101001, 2640, i, 0.17330796), (01110000, 490, p, 0.032167006), (01100101, 389, e, 0.025536664), (01101011, 1482, k, 0.09728878), (01101110, 209, n, 0.0137202125), (01110101, 164, u, 0.0107661), (11000101, 650, Å, 0.04267052), (00100000, 358,  , 0.023501609), (01110010, 38, r, 0.002494584), (01100001, 463, a, 0.030394537), (01101101, 72, m, 0.0047265803), (01110111, 244, w, 0.016017856), (11000100, 171, Ä, 0.011225629), (01100010, 7, b, 4.5952864E-4), (01100011, 249, c, 0.016346091), (01111001, 203, y, 0.013326331), (11000011, 109, Ã, 0.0071555176), (01101111, 258, o, 0.016936913), (00101100, 48, ,, 0.0031510536), (00101110, 5, ., 3.2823475E-4), (00111011, 2, ;, 1.312939E-4), (01100110, 5, f, 3.2823475E-4), (01100100, 2, d, 1.312939E-4), (01101010, 2, j, 1.312939E-4), (00100001, 5, !, 3.2823475E-4), (00111010, 3, :, 1.9694085E-4), (01110011, 16, s, 0.0010503512), (11000010, 1, Â, 6.564695E-5), (00111111, 1, ?, 6.564695E-5), (00001010, 1, 
, 6.564695E-5), (00101111, 1, /, 6.564695E-5)] [0m)
, 
(01110100, 10748, t , 0.022273708, [31m[(01100001, 2358, a, 0.21938965), (01101110, 238, n, 0.022143655), (01110111, 561, w, 0.052195758), (00100000, 715,  , 0.06652401), (01101011, 416, k, 0.038704876), (01101111, 1176, o, 0.1094157), (01111001, 1120, y, 0.10420544), (01100101, 1184, e, 0.11016003), (01110010, 1424, r, 0.13248977), (11000100, 414, Ä, 0.038518794), (11000011, 451, Ã, 0.041961294), (01110101, 427, u, 0.03972832), (11000101, 80, Å, 0.007443245), (01100011, 47, c, 0.0043729064), (00101100, 58, ,, 0.0053963526), (01110000, 5, p, 4.6520281E-4), (00100001, 13, !, 0.0012095274), (01111010, 2, z, 1.8608113E-4), (00101110, 2, ., 1.8608113E-4), (00111011, 5, ;, 4.6520281E-4), (01101100, 16, l, 0.001488649), (00111010, 7, :, 6.5128395E-4), (01110011, 5, s, 4.6520281E-4), (00111111, 3, ?, 2.7912168E-4), (01101001, 10, i, 9.3040563E-4), (01101101, 3, m, 2.7912168E-4), (01100110, 2, f, 1.8608113E-4), (11100010, 3, â, 2.7912168E-4), (01110100, 3, t, 2.7912168E-4)] [0m)
, 
(01110101, 7694, u , 0.015944727, [31m[(01110011, 896, s, 0.11645438), (00101100, 428, ,, 0.055627763), (01100111, 296, g, 0.038471535), (00100000, 1447,  , 0.18806863), (01101011, 273, k, 0.035482194), (01110111, 71, w, 0.00922797), (01101110, 169, n, 0.021965168), (01110100, 199, t, 0.02586431), (01110010, 456, r, 0.059266962), (01101010, 234, j, 0.03041331), (01100100, 348, d, 0.04523005), (00001010, 114, 
, 0.0148167405), (00101001, 7, ), 9.097998E-4), (01101101, 298, m, 0.03873148), (01100011, 734, c, 0.095399015), (11000101, 679, Å, 0.088250585), (00111011, 72, ;, 0.009357941), (01101100, 120, l, 0.015596569), (01100010, 254, b, 0.033012737), (00101110, 136, ., 0.017676111), (01110000, 164, p, 0.02131531), (01101111, 2, o, 2.599428E-4), (01111010, 95, z, 0.012347284), (00100001, 69, !, 0.008968027), (00111010, 47, :, 0.006108656), (01100110, 8, f, 0.0010397712), (01100101, 1, e, 1.299714E-4), (11000010, 24, Â, 0.0031193139), (00111111, 21, ?, 0.0027293996), (01101001, 8, i, 0.0010397712), (11000100, 17, Ä, 0.002209514), (11100010, 4, â, 5.198856E-4), (01101000, 1, h, 1.299714E-4), (00101101, 1, -, 1.299714E-4), (00101010, 1, *, 1.299714E-4)] [0m)
, 
(01110110, 7, v , 1.450651E-5, [31m[(01101111, 1, o, 0.14285715), (01100001, 1, a, 0.14285715), (01100101, 3, e, 0.42857143), (01110101, 1, u, 0.14285715), (01101001, 1, i, 0.14285715)] [0m)
, 
(01110111, 14612, w , 0.030281302, [31m[(01101001, 3439, i, 0.2353545), (01110011, 992, s, 0.06788941), (01101111, 1019, o, 0.0697372), (01110010, 258, r, 0.017656721), (00100000, 2147,  , 0.14693403), (01100001, 2174, a, 0.14878182), (01100011, 162, c, 0.011086778), (01111001, 1365, y, 0.09341637), (11000100, 424, Ä, 0.029017245), (01100101, 624, e, 0.042704627), (11000011, 145, Ã, 0.009923351), (01111010, 229, z, 0.01567205), (00001010, 39, 
, 0.0026690392), (01101110, 516, n, 0.035313442), (01110101, 124, u, 0.008486176), (01101010, 4, j, 2.737476E-4), (01100010, 7, b, 4.790583E-4), (00101100, 226, ,, 0.015466739), (01101011, 122, k, 0.008349302), (01101100, 18, l, 0.0012318642), (11000101, 171, Å, 0.01170271), (01110000, 91, p, 0.006227758), (01100100, 111, d, 0.007596496), (00111011, 26, ;, 0.0017793594), (00101110, 52, ., 0.0035587188), (01110100, 58, t, 0.00396934), (00100001, 25, !, 0.0017109226), (00111010, 26, :, 0.0017793594), (00111111, 11, ?, 7.528059E-4), (11000010, 3, Â, 2.053107E-4), (00101001, 1, ), 6.84369E-5), (01101101, 2, m, 1.368738E-4), (01100111, 1, g, 6.84369E-5)] [0m)
, 
(01111000, 3, x , 6.217075E-6, [31m[(00101100, 2, ,, 0.6666667), (00100000, 1,  , 0.33333334)] [0m)
, 
(01111001, 13712, y , 0.02841618, [31m[(01101100, 413, l, 0.030119603), (01100011, 1004, c, 0.073220536), (00100000, 3713,  , 0.2707847), (01100010, 241, b, 0.017575845), (00001010, 305, 
, 0.022243291), (01111010, 146, z, 0.010647608), (00101100, 1099, ,, 0.08014877), (01101101, 1048, m, 0.076429404), (11000101, 1308, Å, 0.0953909), (01110100, 314, t, 0.02289965), (01101110, 414, n, 0.030192532), (01101011, 530, k, 0.038652275), (01110011, 855, s, 0.062354144), (00111011, 191, ;, 0.013929405), (01110000, 179, p, 0.013054259), (00101110, 298, ., 0.021732789), (00111010, 128, :, 0.009334889), (01110111, 333, w, 0.024285298), (01101010, 333, j, 0.024285298), (00100001, 126, !, 0.009189031), (01100110, 8, f, 5.834306E-4), (01110010, 105, r, 0.007657526), (01100100, 195, d, 0.014221121), (11100010, 14, â, 0.0010210035), (11000100, 180, Ä, 0.013127188), (11000010, 31, Â, 0.0022607935), (00111111, 39, ?, 0.002844224), (01100111, 100, g, 0.007292882), (01101001, 22, i, 0.0016044341), (00101001, 5, ), 3.646441E-4), (01110101, 19, u, 0.0013856476), (00101010, 9, *, 6.563594E-4), (01101111, 2, o, 1.4585764E-4), (01101000, 2, h, 1.4585764E-4), (00101101, 3, -, 2.1878646E-4)] [0m)
, 
(01111010, 22717, z , 0.047077768, [31m[(00001010, 9, 
, 3.9617906E-4), (00100000, 2504,  , 0.11022582), (01111001, 3754, y, 0.16525069), (01100001, 3123, a, 0.13747413), (01100100, 342, d, 0.015054805), (01100101, 3394, e, 0.14940353), (01101001, 2562, i, 0.11277898), (01101110, 842, n, 0.037064753), (11000100, 1149, Ä, 0.050578862), (01110101, 494, u, 0.021745829), (01101011, 436, k, 0.019192675), (01101111, 497, o, 0.021877889), (01100011, 719, c, 0.031650305), (01100010, 256, b, 0.0112690935), (01101101, 277, m, 0.012193511), (11000101, 328, Å, 0.014438526), (01110100, 280, t, 0.012325571), (01101100, 292, l, 0.01285381), (01110111, 506, w, 0.022274068), (11000011, 106, Ã, 0.004666109), (01110000, 150, p, 0.0066029844), (00101100, 168, ,, 0.007395343), (01101010, 34, j, 0.0014966765), (01100111, 208, g, 0.009156139), (01110010, 172, r, 0.0075714225), (00100001, 7, !, 3.0813928E-4), (00111111, 13, ?, 5.7225866E-4), (01110011, 42, s, 0.0018488357), (00101110, 10, ., 4.4019896E-4), (01111010, 10, z, 4.4019896E-4), (01101000, 8, h, 3.5215917E-4), (00111011, 7, ;, 3.0813928E-4), (00111010, 12, :, 5.282388E-4), (11000010, 3, Â, 1.320597E-4), (11100010, 1, â, 4.4019896E-5), (00101010, 1, *, 4.4019896E-5), (00101101, 1, -, 4.4019896E-5)] [0m)
, 
(10000000, 879,  , 0.001821603, [31m[(10010100, 721, , 0.8202503), (10100110, 157, ¦, 0.17861205), (10010011, 1, , 0.0011376564)] [0m)
, 
(10000001, 24,  , 4.97366E-5, [31m[(01100001, 8, a, 0.33333334), (01101111, 10, o, 0.41666666), (01111001, 1, y, 0.041666668), (01100111, 1, g, 0.041666668), (01111010, 1, z, 0.041666668), (01100010, 1, b, 0.041666668), (11000100, 2, Ä, 0.083333336)] [0m)
, 
(10000010, 10059,  , 0.020845855, [31m[(01110101, 601, u, 0.05974749), (01100001, 1624, a, 0.16144747), (00101110, 154, ., 0.015309673), (01100101, 574, e, 0.057063326), (01101111, 1856, o, 0.18451138), (11000100, 228, Ä, 0.02266627), (00100000, 2518,  , 0.2503231), (01111001, 794, y, 0.07893429), (01110100, 80, t, 0.007953077), (01110011, 56, s, 0.005567154), (01101011, 126, k, 0.012526096), (00101100, 620, ,, 0.061636347), (00111111, 35, ?, 0.0034794712), (01101110, 87, n, 0.008648971), (00001010, 107, 
, 0.0106372405), (00111011, 116, ;, 0.011531961), (00101001, 6, ), 5.9648074E-4), (00111010, 146, :, 0.014514365), (11000011, 125, Ã, 0.012426683), (01100010, 57, b, 0.0056665675), (01100011, 8, c, 7.953077E-4), (01110000, 7, p, 6.9589424E-4), (01100111, 9, g, 8.9472113E-4), (00100001, 37, !, 0.003678298), (01111010, 34, z, 0.0033800576), (01101101, 4, m, 3.9765384E-4), (11100010, 8, â, 7.953077E-4), (11000010, 7, Â, 6.9589424E-4), (01100100, 4, d, 3.9765384E-4), (11000101, 25, Å, 0.0024853365), (01110111, 3, w, 2.9824037E-4), (01110010, 1, r, 9.941346E-5), (01101100, 1, l, 9.941346E-5), (00101101, 1, -, 9.941346E-5)] [0m)
, 
(10000100, 651,  , 0.0013491054, [31m[(00100000, 154,  , 0.23655914), (01110011, 189, s, 0.29032257), (01100011, 252, c, 0.38709676), (01101011, 17, k, 0.026113672), (00101100, 19, ,, 0.029185869), (00101110, 4, ., 0.0061443932), (01100010, 3, b, 0.004608295), (00111011, 3, ;, 0.004608295), (00111010, 1, :, 0.0015360983), (01101101, 5, m, 0.0076804915), (00100001, 2, !, 0.0030721966), (00001010, 1, 
, 0.0015360983), (11000101, 1, Å, 0.0015360983)] [0m)
, 
(10000101, 4792,  , 0.009930742, [31m[(01110100, 109, t, 0.022746244), (00100000, 1582,  , 0.33013356), (01100011, 907, c, 0.18927379), (00001010, 68, 
, 0.014190317), (01101011, 68, k, 0.014190317), (01100111, 145, g, 0.030258765), (00101100, 382, ,, 0.07971619), (00101110, 85, ., 0.017737897), (01100100, 367, d, 0.07658598), (11000101, 507, Å, 0.10580134), (01100010, 64, b, 0.013355592), (01111010, 44, z, 0.00918197), (11000100, 71, Ä, 0.014816361), (00111011, 64, ;, 0.013355592), (01110011, 116, s, 0.02420701), (01110111, 55, w, 0.011477462), (00111010, 39, :, 0.008138564), (11100010, 5, â, 0.0010434057), (01110000, 53, p, 0.0110601), (00100001, 28, !, 0.0058430717), (11000010, 8, Â, 0.001669449), (00111111, 15, ?, 0.003130217), (00101001, 3, ), 6.260434E-4), (01101010, 1, j, 2.0868113E-4), (00101010, 4, *, 8.347245E-4), (01101101, 2, m, 4.1736226E-4)] [0m)
, 
(10000110, 1,  , 2.0723585E-6, [31m[(01110111, 1, w, 1.0)] [0m)
, 
(10000111, 1955,  , 0.004051461, [31m[(00101100, 313, ,, 0.16010231), (00100000, 1222,  , 0.62506396), (00101110, 69, ., 0.03529412), (00111011, 69, ;, 0.03529412), (00001010, 47, 
, 0.02404092), (00101001, 4, ), 0.0020460358), (00100001, 49, !, 0.02506394), (00111111, 30, ?, 0.015345269), (00111010, 46, :, 0.023529412), (01101101, 13, m, 0.006649616), (11000010, 15, Â, 0.0076726344), (01100010, 11, b, 0.0056265984), (01100011, 6, c, 0.0030690536), (01101011, 32, k, 0.016368287), (01110000, 7, p, 0.0035805628), (11100010, 3, â, 0.0015345268), (01110111, 11, w, 0.0056265984), (01110011, 4, s, 0.0020460358), (01100100, 3, d, 0.0015345268), (01100111, 1, g, 5.1150896E-4)] [0m)
, 
(10010011, 14,  , 2.901302E-5, [31m[(01110111, 12, w, 0.85714287), (01110011, 1, s, 0.071428575), (00100000, 1,  , 0.071428575)] [0m)
, 
(10010100, 721,  , 0.0014941704, [31m[(00100000, 632,  , 0.87656033), (00001010, 89, 
, 0.12343967)] [0m)
, 
(10011001, 5532,  , 0.011464287, [31m[(01100111, 75, g, 0.013557483), (00100000, 2123,  , 0.3837672), (01100100, 642, d, 0.11605206), (01101011, 379, k, 0.06851049), (00101100, 475, ,, 0.08586407), (01110011, 162, s, 0.029284164), (01110100, 226, t, 0.040853217), (00001010, 58, 
, 0.010484454), (00111011, 77, ;, 0.013919016), (01100011, 450, c, 0.0813449), (11000101, 331, Å, 0.059833694), (00101110, 112, ., 0.020245843), (01110000, 58, p, 0.010484454), (01111010, 39, z, 0.0070498916), (00111010, 59, :, 0.01066522), (01100010, 97, b, 0.017534345), (01101100, 64, l, 0.011569053), (11000100, 20, Ä, 0.003615329), (00111111, 10, ?, 0.0018076645), (00100001, 44, !, 0.007953724), (11000010, 18, Â, 0.0032537961), (11100010, 9, â, 0.0016268981), (00101001, 4, ), 7.230658E-4)] [0m)
, 
(10011010, 71,  , 1.4713746E-4, [31m[(01110010, 10, r, 0.14084508), (01110111, 24, w, 0.33802816), (01101100, 6, l, 0.08450704), (01100011, 13, c, 0.18309858), (01101110, 3, n, 0.04225352), (01101101, 10, m, 0.14084508), (01110000, 5, p, 0.07042254)] [0m)
, 
(10011011, 2525,  , 0.0052327053, [31m[(01100011, 617, c, 0.24435644), (00100000, 367,  , 0.14534654), (11000100, 317, Ä, 0.12554455), (01110111, 253, w, 0.10019802), (01101110, 215, n, 0.08514851), (01101100, 381, l, 0.1508911), (00101100, 38, ,, 0.015049505), (01101101, 172, m, 0.06811881), (01110010, 95, r, 0.037623763), (01101011, 3, k, 0.0011881188), (01100010, 8, b, 0.0031683168), (01110000, 47, p, 0.018613862), (11000101, 5, Å, 0.001980198), (00100001, 2, !, 7.920792E-4), (00111011, 1, ;, 3.960396E-4), (00111010, 1, :, 3.960396E-4), (00111111, 2, ?, 7.920792E-4), (11100010, 1, â, 3.960396E-4)] [0m)
, 
(10100000, 1,   , 2.0723585E-6, [31m[(00100000, 1,  , 1.0)] [0m)
, 
(10100110, 159, ¦ , 3.2950498E-4, [31m[(00100000, 53,  , 0.33333334), (00001010, 67, 
, 0.42138365), (11000010, 37, Â, 0.2327044), (00101010, 1, *, 0.006289308), (00101100, 1, ,, 0.006289308)] [0m)
, 
(10101001, 43, © , 8.911142E-5, [31m[(01100011, 8, c, 0.18604651), (01101010, 30, j, 0.6976744), (01110100, 2, t, 0.046511628), (11000100, 1, Ä, 0.023255814), (01100100, 1, d, 0.023255814), (01110010, 1, r, 0.023255814)] [0m)
, 
(10101011, 541, « , 0.0011211459, [31m[(01000100, 21, D, 0.038817007), (01010000, 63, P, 0.11645102), (01001101, 23, M, 0.042513862), (01000111, 15, G, 0.027726432), (01001110, 48, N, 0.08872458), (01010111, 43, W, 0.07948244), (01100011, 2, c, 0.0036968577), (01000011, 26, C, 0.04805915), (01001111, 17, O, 0.03142329), (01010101, 4, U, 0.0073937154), (01010011, 21, S, 0.038817007), (00100000, 10,  , 0.018484289), (01011010, 24, Z, 0.04436229), (01010100, 35, T, 0.06469501), (00101110, 10, ., 0.018484289), (00101100, 2, ,, 0.0036968577), (00001010, 21, 
, 0.038817007), (01001010, 51, J, 0.09426987), (01001011, 15, K, 0.027726432), (01000001, 27, A, 0.04990758), (01000010, 24, B, 0.04436229), (01001001, 13, I, 0.024029575), (01010010, 5, R, 0.009242144), (01000110, 3, F, 0.0055452865), (11000010, 1, Â, 0.0018484289), (11000101, 3, Å, 0.0055452865), (01001100, 3, L, 0.0055452865), (01001000, 9, H, 0.01663586), (01110000, 1, p, 0.0018484289), (00111010, 1, :, 0.0018484289)] [0m)
, 
(10110011, 3097, ³ , 0.006418094, [31m[(01110100, 79, t, 0.025508557), (01110111, 1206, w, 0.3894091), (01100100, 178, d, 0.057474975), (01100011, 169, c, 0.05456894), (01110010, 544, r, 0.17565386), (01101100, 77, l, 0.02486277), (11000101, 411, Å, 0.13270907), (01101010, 162, j, 0.052308686), (01110011, 53, s, 0.017113335), (01100111, 116, g, 0.037455603), (01100010, 45, b, 0.01453019), (01111010, 42, z, 0.013561511), (01101011, 11, k, 0.0035518243), (01101101, 1, m, 3.2289312E-4), (11000100, 2, Ä, 6.4578623E-4), (01110000, 1, p, 3.2289312E-4)] [0m)
, 
(10111001, 4, ¹ , 8.289434E-6, [31m[(01110111, 1, w, 0.25), (01101100, 3, l, 0.75)] [0m)
, 
(10111010, 414, º , 8.579564E-4, [31m[(01101110, 127, n, 0.3067633), (01110010, 15, r, 0.036231883), (00100000, 58,  , 0.14009662), (01101101, 20, m, 0.048309177), (01100100, 29, d, 0.07004831), (01100010, 9, b, 0.02173913), (01110111, 90, w, 0.2173913), (00101100, 16, ,, 0.038647342), (01101100, 21, l, 0.050724637), (11000100, 8, Ä, 0.019323671), (11000101, 6, Å, 0.014492754), (01100011, 12, c, 0.028985508), (00100001, 2, !, 0.004830918), (00111011, 1, ;, 0.002415459)] [0m)
, 
(10111011, 757, » , 0.0015687754, [31m[(01100001, 12, a, 0.015852047), (01100101, 164, e, 0.21664464), (01111001, 35, y, 0.04623514), (00101110, 190, ., 0.25099075), (00100000, 117,  , 0.15455747), (00001010, 180, 
, 0.23778072), (00101100, 2, ,, 0.002642008), (01101101, 2, m, 0.002642008), (01001011, 2, K, 0.002642008), (01010101, 2, U, 0.002642008), (01000001, 1, A, 0.001321004), (01011010, 4, Z, 0.005284016), (01110101, 3, u, 0.003963012), (01001010, 5, J, 0.00660502), (01001101, 2, M, 0.002642008), (01101111, 2, o, 0.002642008), (00101001, 2, ), 0.002642008), (01001111, 3, O, 0.003963012), (01010011, 4, S, 0.005284016), (01000100, 3, D, 0.003963012), (01010111, 2, W, 0.002642008), (01010100, 1, T, 0.001321004), (01010000, 6, P, 0.007926024), (11000011, 1, Ã, 0.001321004), (01001110, 1, N, 0.001321004), (01000111, 1, G, 0.001321004), (01000011, 2, C, 0.002642008), (01101011, 1, k, 0.001321004), (00111011, 1, ;, 0.001321004), (01000101, 2, E, 0.002642008), (01110000, 1, p, 0.001321004), (11000100, 1, Ä, 0.001321004), (01010110, 1, V, 0.001321004), (00100001, 1, !, 0.001321004)] [0m)
, 
(10111100, 3333, ¼ , 0.0069071706, [31m[(01101110, 220, n, 0.0660066), (01111001, 431, y, 0.12931293), (01100101, 910, e, 0.2730273), (11000100, 120, Ä, 0.0360036), (00100000, 865,  , 0.25952595), (01100001, 257, a, 0.07710771), (01101111, 136, o, 0.04080408), (01101011, 48, k, 0.0144014405), (01100011, 29, c, 0.00870087), (01100100, 123, d, 0.03690369), (01110101, 28, u, 0.00840084), (01110011, 30, s, 0.0090009), (01110111, 7, w, 0.00210021), (11000011, 23, Ã, 0.00690069), (00101100, 44, ,, 0.013201321), (00001010, 1, 
, 3.0003E-4), (01100010, 28, b, 0.00840084), (00101110, 3, ., 9.0009003E-4), (01100111, 5, g, 0.0015001501), (01101101, 9, m, 0.00270027), (11100010, 1, â, 3.0003E-4), (00111111, 9, ?, 0.00270027), (11000101, 2, Å, 6.0006E-4), (00100001, 3, !, 9.0009003E-4), (00101101, 1, -, 3.0003E-4)] [0m)
, 
(11000010, 1079, Â , 0.0022360748, [31m[(10101011, 541, «, 0.50139016), (10111011, 538, », 0.4986098)] [0m)
, 
(11000011, 3156, Ã , 0.006540363, [31m[(10110011, 3097, ³, 0.9813054), (10101001, 43, ©, 0.013624841), (10010011, 13, , 0.0041191382), (10100000, 1,  , 3.1685678E-4), (10100110, 2, ¦, 6.3371356E-4)] [0m)
, 
(11000100, 12280, Ä , 0.025448563, [31m[(10011001, 5532, , 0.4504886), (10000101, 4792, , 0.390228), (10000111, 1955, , 0.15920195), (10000110, 1, , 8.143322E-5)] [0m)
, 
(11000101, 17300, Å , 0.035851803, [31m[(10000010, 10059, , 0.5814451), (10111100, 3333, ¼, 0.19265896), (10011011, 2525, , 0.14595376), (10111011, 219, », 0.012658959), (10111010, 414, º, 0.023930635), (10000100, 651, , 0.03763006), (10011010, 71, , 0.004104046), (10000001, 24, , 0.0013872832), (10111001, 4, ¹, 2.3121387E-4)] [0m)
]